462
1510
176
3764
4526
4682
4694
865
4482
4311
498
3184
1702
3876
4109
864
4293
3877
2341
215
2703
4861
2058
2065
1142
1126
3314
3787
4475
2934
2276
1684
3170
1759
3992
3981
2667
1799
3162
4262
211
209
1346
477
1914
3871
4268
4309
1735
133
2700
593
2957
694
2824
2308
3836
3937
4861
4868
1579
653
3079
713
3682
1009
4747
98
989
4641
1018
4441
1247
4539
1590
2395
2490
3245
4605
1812
2334
2258
4144
2504
2859
4353
1680
3412
315
3275
4074
526
742
2155
4611
172
427
992
1116
413
3857
4874
3679
1672
3628
664
3062
749
115
576
3599
2821
4118
4207
4189
2269
2748
2907
2041
1824
438
3260
1847
1018
363
483
4536
1453
172
1994
2116
4593
3200
4428
2457
4053
1626
653
4555
79
698
3504
4019
3432
4572
3178
3945
1295
2228
3997
3417
4433
3082
4283
839
3133
3391
1417
2027
3904
38
4936
3532
2124
1056
3978
4918
2387
2040
1388
3823
4815
3754
1108
1294
1444
1661
3828
3547
4754
2540
4557
3691
245
255
28
3110
4284
1727
3866
3279
483
2132
2550
2743
2102
1844
3184
2719
4645
3194
4682
1488
780
789
4162
4198
3873
1937
1861
2449
4652
3978
4669
1363
1433
907
461
4370
120
1781
4541
546
1259
4171
4348
2821
3913
788
3829
74
2829
3032
1334
1154
2665
2661
4802
2532
908
3609
2202
4856
3051
373
1868
4752
427
4162
4853
3826
1870
4058
679
2115
2758
2188
847
4899
738
4777
602
4871
4595
2123
3976
2616
4660
4819
3670
4616
2802
1918
3834
4104
2296
3265
344
1261
3121
238
4714
2343
4849
1208
2275
2989
4823
3821
2422
3780
4086
1898
649
4837
3749
3030
4011
3007
4603
2487
1626
3499
1490
1524
2195
4096
3423
3873
3031
3187
110
80
1616
2591
3902
4421
1042
3474
3798
529
2175
781
4361
4960
4612
4745
2619
3529
3066
1064
1090
2371
1380
2335
175
774
2305
826
3715
783
1958
698
3553
25
4692
3124
4042
1180
182
2651
4675
344
280
1503
3157
4736
25
1095
2324
173
3481
3174
2255
2857
2971
1931
789
1682
445
3056
343
4184
2577
1427
1146
1688
4905
1311
1779
2603
1475
3417
1045
4744
4940
3145
2729
1124
1637
4813
329
760
4249
2425
3396
1500
2445
1215
578
4316
2513
3928
348
2431
4926
4843
4493
1990
1246
2420
740
2082
2800
2390
3502
1749
2771
1277
4516
1466
3613
4712
2205
1412
4039
3464
1616
2523
1462
3729
2850
408
3364
515
757
2606
2016
179
1979
3576
158
4991
3089
386
1491
2036
2531
3105
354
3978
964
2859
644
4707
3674
2854
2092
1104
1764
249
414
3508
4182
2163
4048
4015
572
1903
1741
1630
1128
3654
1074
1981
3218
3587
1803
61
351
2893
4198
1252
302
3586
4233
3611
3376
79
1570
446
4173
3551
1727
2371
3429
372
3880
4803
4674
4591
2112
4335
4051
466
1107
1879
4753
3555
3931
2370
1761
4519
3916
4262
1597
2222
3656
1480
2160
4117
437
172
3635
4434
3474
1224
3028
2359
2042
117
2686
3655
4774
4925
2401
3379
538
1912
4600
4043
3403
541
4721
4890
3526
4591
4333
1321
950
1846
3372
3602
3284
1628
2567
1154
3270
865
3865
1838
3783
4570
4340
1925
1814
603
2755
2842
733
4638
2004
3023
1119
559
4549
2543
3573
2035
3041
691
3189
138
4265
4562
3365
3870
448
2088
3618
225
3076
4170
1341
4119
2279
1995
561
750
4947
1808
1941
278
4231
2621
632
3343
4668
1305
2822
355
3046
4439
3946
766
823
1566
669
2789
4166
3503
4064
4886
818
749
4603
4620
2570
1475
3703
1126
3988
4747
4809
3791
3666
57
4246
3733
4807
4541
1675
1643
3709
3387
1570
2224
1196
2504
995
552
1922
2608
3385
3569
2365
2867
2222
3473
3888
4499
4892
2570
3774
2621
4329
3099
1841
3304
3133
4302
367
446
1735
3205
1555
1022
2718
2422
4518
1450
4990
2781
4235
3462
937
872
4607
4241
2811
2593
1499
1469
2970
30
4626
2147
1194
4217
4724
2052
25
2457
2707
1663
3248
2864
1656
3341
1242
647
3816
2549
447
97
4524
1500
1034
2249
1198
4593
489
1691
187
551
3249
1132
1241
2736
1774
4239
3882
52
3452
1544
3726
2644
4919
1082
1157
1700
4772
4429
1438
4891
4218
2908
4129
1579
4171
3596
3415
4729
795
2386
3002
4610
4934
3227
49
4573
1237
1327
1329
3810
1261
4911
475
3700
2544
544
4754
2178
3001
2574
2832
1621
690
4698
313
983
3148
148
1524
3897
299
3239
1082
4724
1267
1418
1792
2537
1786
1754
68
50
2802
2923
4476
3684
4981
3883
2131
398
2620
2078
288
4891
413
173
1882
691
1459
4385
4571
4413
1126
1402
3235
960
2144
630
95
2078
309
2028
4699
3020
407
4984
3461
2211
4302
3579
369
1526
4554
1453
4868
150
4071
225
4726
3652
4877
2884
3210
4284
506
1730
1710
130
2687
3743
2352
1848
3502
2115
4101
2352
4828
2455
2029
3721
3487
110
1296
4992
4999
3594
3596
1415
3836
1999
3487
3451
2176
400
4920
767
4502
635
1362
4859
3100
4099
4440
1591
2001
2190
3957
233
1766
2282
1972
1353
3553
460
157
4315
4916
3746
2532
261
2829
4488
4484
2489
3646
3543
4993
564
318
2532
3642
3231
4583
2851
4866
3137
1899
2595
4949
1215
1167
1632
2380
338
3478
4148
1743
2612
2926
415
4298
3004
1784
55
3477
4970
1230
3943
1324
262
4407
2067
3444
4405
63
3111
1675
1088
304
1381
4977
846
4633
4181
1376
4651
2180
1743
4678
465
382
3360
2466
4790
4651
4881
134
199
2331
3837
3456
566
4250
137
3854
1668
1491
3870
2407
3643
4245
3387
3395
3467
4436
1479
2181
2185
288
2869
1526
3752
3661
3235
4292
